{
 "cells": [
  {
   "cell_type": "code",
   "execution_count": 1,
   "metadata": {},
   "outputs": [],
   "source": [
    "from sklearn.preprocessing import MinMaxScaler\n",
    "import itertools\n",
    "import pandas as pd\n",
    "import torch\n",
    "\n",
    "# get our predefined functions (for data processing, etc.)\n",
    "import QCircNet.utils as ut\n",
    "\n",
    "# get our predefined quantum circuits and neural networks\n",
    "import QCircNet.circuits.CustomCircuits as cn\n",
    "import QCircNet.QuantumNN as qnn\n",
    "import QCircNet.BinaryQuantumNN as bqnn"
   ]
  },
  {
   "cell_type": "code",
   "execution_count": 2,
   "metadata": {},
   "outputs": [
    {
     "name": "stdout",
     "output_type": "stream",
     "text": [
      "X_tensor shape: torch.Size([100, 16])\n",
      "y_tensor shape: torch.Size([100, 10])\n",
      "First 5 labels:\n",
      " tensor([[0., 0., 1., 0., 0., 0., 0., 0., 0., 0.],\n",
      "        [0., 0., 0., 0., 0., 0., 0., 0., 1., 0.],\n",
      "        [0., 0., 0., 0., 0., 0., 0., 1., 0., 0.],\n",
      "        [1., 0., 0., 0., 0., 0., 0., 0., 0., 0.],\n",
      "        [0., 0., 0., 0., 0., 1., 0., 0., 0., 0.]])\n"
     ]
    }
   ],
   "source": [
    "import torch\n",
    "import numpy as np\n",
    "from sklearn.preprocessing import OneHotEncoder\n",
    "\n",
    "# Set random seed for reproducibility\n",
    "np.random.seed(42)\n",
    "\n",
    "# Generate X with shape (100, 16) - random float values\n",
    "X = np.random.rand(100, 16).astype(np.float32)  # Ensure it's float32 for PyTorch\n",
    "\n",
    "# Generate y labels (100 samples, 10 possible classes)\n",
    "y_labels = np.random.randint(0, 10, size=(100, 1))\n",
    "\n",
    "# One-hot encode y\n",
    "encoder = OneHotEncoder(sparse_output=False, categories=[np.arange(10)])\n",
    "y = encoder.fit_transform(y_labels).astype(np.float32)  # Ensure it's float32\n",
    "\n",
    "# Convert to PyTorch tensors\n",
    "X_tensor = torch.tensor(X)\n",
    "y_tensor = torch.tensor(y)\n",
    "\n",
    "# Print shapes to confirm\n",
    "print(\"X_tensor shape:\", X_tensor.shape)  # (100, 16)\n",
    "print(\"y_tensor shape:\", y_tensor.shape)  # (100, 10)\n",
    "\n",
    "# Optional: Show first few rows\n",
    "print(\"First 5 labels:\\n\", y_tensor[:5])\n",
    "\n"
   ]
  },
  {
   "cell_type": "code",
   "execution_count": 3,
   "metadata": {},
   "outputs": [],
   "source": [
    "N_QUBITS = 4\n",
    "FEAT_PER_QUBIT = 4\n",
    "seed = 42\n",
    "circuit = cn.DoubleEntanglementVLCircuit"
   ]
  },
  {
   "cell_type": "code",
   "execution_count": 4,
   "metadata": {},
   "outputs": [],
   "source": [
    "model = qnn.QuantumClassifierMNIST(n_qubits=N_QUBITS, features_per_qubit=FEAT_PER_QUBIT, circuit=circuit, seed=seed)\n",
    "\n",
    "# model = bqnn.BinQuantumNeuralNetwork(n_qubits=N_QUBITS, features_per_qubit=FEAT_PER_QUBIT, circuit=circuit, seed=seed)"
   ]
  },
  {
   "cell_type": "code",
   "execution_count": 5,
   "metadata": {},
   "outputs": [
    {
     "data": {
      "text/plain": [
       "torch.Size([100, 16])"
      ]
     },
     "execution_count": 5,
     "metadata": {},
     "output_type": "execute_result"
    }
   ],
   "source": [
    "X_tensor.shape"
   ]
  },
  {
   "cell_type": "code",
   "execution_count": 6,
   "metadata": {},
   "outputs": [],
   "source": [
    "prop, logit = model(X_tensor)"
   ]
  },
  {
   "cell_type": "code",
   "execution_count": 7,
   "metadata": {},
   "outputs": [
    {
     "data": {
      "text/plain": [
       "torch.Size([100, 10])"
      ]
     },
     "execution_count": 7,
     "metadata": {},
     "output_type": "execute_result"
    }
   ],
   "source": [
    "prop.shape"
   ]
  },
  {
   "cell_type": "code",
   "execution_count": 8,
   "metadata": {},
   "outputs": [
    {
     "data": {
      "text/plain": [
       "tensor([[0.0684, 0.0430, 0.0425, 0.0815, 0.0571, 0.2045, 0.1783, 0.1370, 0.0994,\n",
       "         0.0884],\n",
       "        [0.0710, 0.0449, 0.0450, 0.0804, 0.0544, 0.2073, 0.1844, 0.1291, 0.0982,\n",
       "         0.0853],\n",
       "        [0.0623, 0.0384, 0.0370, 0.0837, 0.0637, 0.1968, 0.1639, 0.1567, 0.1020,\n",
       "         0.0956],\n",
       "        [0.0735, 0.0469, 0.0475, 0.0792, 0.0519, 0.2098, 0.1901, 0.1220, 0.0968,\n",
       "         0.0824],\n",
       "        [0.0977, 0.0670, 0.0760, 0.0647, 0.0303, 0.2226, 0.2431, 0.0646, 0.0794,\n",
       "         0.0547],\n",
       "        [0.0682, 0.0428, 0.0423, 0.0816, 0.0573, 0.2042, 0.1778, 0.1376, 0.0995,\n",
       "         0.0886],\n",
       "        [0.0656, 0.0409, 0.0400, 0.0825, 0.0600, 0.2012, 0.1718, 0.1457, 0.1007,\n",
       "         0.0916],\n",
       "        [0.0678, 0.0425, 0.0420, 0.0817, 0.0577, 0.2038, 0.1769, 0.1388, 0.0997,\n",
       "         0.0891],\n",
       "        [0.0681, 0.0427, 0.0422, 0.0816, 0.0574, 0.2041, 0.1776, 0.1380, 0.0996,\n",
       "         0.0887],\n",
       "        [0.0674, 0.0422, 0.0416, 0.0819, 0.0581, 0.2033, 0.1760, 0.1401, 0.0999,\n",
       "         0.0895],\n",
       "        [0.0791, 0.0512, 0.0532, 0.0764, 0.0464, 0.2147, 0.2028, 0.1068, 0.0935,\n",
       "         0.0759],\n",
       "        [0.0631, 0.0391, 0.0378, 0.0834, 0.0627, 0.1980, 0.1659, 0.1537, 0.1017,\n",
       "         0.0945],\n",
       "        [0.0656, 0.0408, 0.0399, 0.0826, 0.0601, 0.2011, 0.1717, 0.1459, 0.1007,\n",
       "         0.0917],\n",
       "        [0.0794, 0.0515, 0.0536, 0.0763, 0.0461, 0.2149, 0.2035, 0.1059, 0.0933,\n",
       "         0.0755],\n",
       "        [0.0684, 0.0430, 0.0425, 0.0815, 0.0571, 0.2045, 0.1783, 0.1370, 0.0995,\n",
       "         0.0884],\n",
       "        [0.0677, 0.0425, 0.0419, 0.0817, 0.0578, 0.2037, 0.1768, 0.1390, 0.0998,\n",
       "         0.0891],\n",
       "        [0.0680, 0.0426, 0.0421, 0.0816, 0.0575, 0.2040, 0.1773, 0.1383, 0.0997,\n",
       "         0.0889],\n",
       "        [0.0671, 0.0420, 0.0414, 0.0820, 0.0584, 0.2030, 0.1754, 0.1409, 0.1000,\n",
       "         0.0898],\n",
       "        [0.0626, 0.0387, 0.0373, 0.0836, 0.0633, 0.1973, 0.1647, 0.1555, 0.1019,\n",
       "         0.0952],\n",
       "        [0.0928, 0.0626, 0.0694, 0.0681, 0.0343, 0.2218, 0.2327, 0.0746, 0.0836,\n",
       "         0.0602],\n",
       "        [0.0710, 0.0449, 0.0450, 0.0804, 0.0544, 0.2073, 0.1844, 0.1291, 0.0982,\n",
       "         0.0853],\n",
       "        [0.0650, 0.0404, 0.0394, 0.0828, 0.0607, 0.2004, 0.1703, 0.1476, 0.1010,\n",
       "         0.0923],\n",
       "        [0.0721, 0.0457, 0.0460, 0.0799, 0.0533, 0.2084, 0.1868, 0.1261, 0.0976,\n",
       "         0.0841],\n",
       "        [0.0743, 0.0474, 0.0482, 0.0789, 0.0511, 0.2106, 0.1918, 0.1198, 0.0964,\n",
       "         0.0815],\n",
       "        [0.0671, 0.0420, 0.0413, 0.0820, 0.0585, 0.2029, 0.1752, 0.1411, 0.1001,\n",
       "         0.0899],\n",
       "        [0.0737, 0.0470, 0.0477, 0.0791, 0.0516, 0.2101, 0.1906, 0.1213, 0.0967,\n",
       "         0.0821],\n",
       "        [0.0841, 0.0553, 0.0588, 0.0736, 0.0417, 0.2181, 0.2140, 0.0941, 0.0901,\n",
       "         0.0700],\n",
       "        [0.0828, 0.0542, 0.0573, 0.0744, 0.0430, 0.2172, 0.2110, 0.0975, 0.0911,\n",
       "         0.0716],\n",
       "        [0.0838, 0.0550, 0.0584, 0.0738, 0.0421, 0.2179, 0.2132, 0.0950, 0.0904,\n",
       "         0.0705],\n",
       "        [0.0800, 0.0520, 0.0543, 0.0759, 0.0455, 0.2154, 0.2049, 0.1043, 0.0929,\n",
       "         0.0748],\n",
       "        [0.0746, 0.0477, 0.0486, 0.0787, 0.0507, 0.2109, 0.1927, 0.1188, 0.0962,\n",
       "         0.0810],\n",
       "        [0.0727, 0.0463, 0.0467, 0.0796, 0.0526, 0.2091, 0.1883, 0.1241, 0.0972,\n",
       "         0.0833],\n",
       "        [0.0725, 0.0461, 0.0465, 0.0797, 0.0529, 0.2088, 0.1877, 0.1249, 0.0974,\n",
       "         0.0836],\n",
       "        [0.0657, 0.0409, 0.0400, 0.0825, 0.0599, 0.2013, 0.1720, 0.1454, 0.1007,\n",
       "         0.0915],\n",
       "        [0.0686, 0.0431, 0.0427, 0.0814, 0.0569, 0.2047, 0.1787, 0.1364, 0.0994,\n",
       "         0.0882],\n",
       "        [0.0703, 0.0444, 0.0444, 0.0807, 0.0550, 0.2066, 0.1828, 0.1311, 0.0985,\n",
       "         0.0861],\n",
       "        [0.0646, 0.0401, 0.0391, 0.0829, 0.0611, 0.1999, 0.1694, 0.1489, 0.1011,\n",
       "         0.0928],\n",
       "        [0.0702, 0.0444, 0.0443, 0.0807, 0.0552, 0.2065, 0.1826, 0.1314, 0.0986,\n",
       "         0.0862],\n",
       "        [0.0717, 0.0455, 0.0457, 0.0801, 0.0536, 0.2081, 0.1860, 0.1271, 0.0978,\n",
       "         0.0845],\n",
       "        [0.0663, 0.0414, 0.0406, 0.0823, 0.0593, 0.2020, 0.1733, 0.1436, 0.1004,\n",
       "         0.0908],\n",
       "        [0.0688, 0.0433, 0.0430, 0.0813, 0.0566, 0.2050, 0.1793, 0.1356, 0.0992,\n",
       "         0.0878],\n",
       "        [0.0722, 0.0458, 0.0462, 0.0799, 0.0532, 0.2085, 0.1870, 0.1257, 0.0975,\n",
       "         0.0839],\n",
       "        [0.0681, 0.0428, 0.0423, 0.0816, 0.0573, 0.2042, 0.1777, 0.1378, 0.0996,\n",
       "         0.0887],\n",
       "        [0.0717, 0.0454, 0.0457, 0.0801, 0.0537, 0.2080, 0.1859, 0.1272, 0.0978,\n",
       "         0.0845],\n",
       "        [0.0680, 0.0426, 0.0421, 0.0816, 0.0575, 0.2040, 0.1773, 0.1383, 0.0996,\n",
       "         0.0889],\n",
       "        [0.0711, 0.0450, 0.0451, 0.0803, 0.0543, 0.2074, 0.1845, 0.1289, 0.0981,\n",
       "         0.0852],\n",
       "        [0.0647, 0.0402, 0.0391, 0.0829, 0.0610, 0.2000, 0.1696, 0.1486, 0.1011,\n",
       "         0.0927],\n",
       "        [0.0643, 0.0399, 0.0388, 0.0830, 0.0614, 0.1995, 0.1687, 0.1499, 0.1012,\n",
       "         0.0932],\n",
       "        [0.0778, 0.0503, 0.0519, 0.0771, 0.0476, 0.2137, 0.2000, 0.1100, 0.0943,\n",
       "         0.0773],\n",
       "        [0.0726, 0.0462, 0.0466, 0.0796, 0.0527, 0.2090, 0.1881, 0.1244, 0.0973,\n",
       "         0.0834],\n",
       "        [0.0681, 0.0427, 0.0422, 0.0816, 0.0574, 0.2041, 0.1776, 0.1379, 0.0996,\n",
       "         0.0887],\n",
       "        [0.0709, 0.0448, 0.0449, 0.0804, 0.0545, 0.2072, 0.1840, 0.1295, 0.0982,\n",
       "         0.0855],\n",
       "        [0.0700, 0.0442, 0.0440, 0.0808, 0.0554, 0.2062, 0.1819, 0.1322, 0.0987,\n",
       "         0.0865],\n",
       "        [0.0828, 0.0542, 0.0573, 0.0744, 0.0430, 0.2173, 0.2110, 0.0974, 0.0911,\n",
       "         0.0716],\n",
       "        [0.0683, 0.0429, 0.0424, 0.0815, 0.0572, 0.2044, 0.1781, 0.1373, 0.0995,\n",
       "         0.0885],\n",
       "        [0.0799, 0.0519, 0.0541, 0.0760, 0.0457, 0.2153, 0.2045, 0.1047, 0.0930,\n",
       "         0.0749],\n",
       "        [0.0706, 0.0447, 0.0447, 0.0805, 0.0547, 0.2069, 0.1835, 0.1302, 0.0983,\n",
       "         0.0857],\n",
       "        [0.0686, 0.0431, 0.0428, 0.0814, 0.0568, 0.2047, 0.1788, 0.1363, 0.0993,\n",
       "         0.0881],\n",
       "        [0.0826, 0.0541, 0.0571, 0.0745, 0.0432, 0.2171, 0.2106, 0.0979, 0.0912,\n",
       "         0.0718],\n",
       "        [0.0836, 0.0549, 0.0583, 0.0739, 0.0422, 0.2178, 0.2129, 0.0953, 0.0905,\n",
       "         0.0706],\n",
       "        [0.0744, 0.0476, 0.0484, 0.0788, 0.0510, 0.2107, 0.1921, 0.1194, 0.0963,\n",
       "         0.0813],\n",
       "        [0.0786, 0.0509, 0.0527, 0.0767, 0.0469, 0.2143, 0.2017, 0.1080, 0.0938,\n",
       "         0.0764],\n",
       "        [0.0651, 0.0405, 0.0395, 0.0827, 0.0606, 0.2005, 0.1705, 0.1474, 0.1009,\n",
       "         0.0923],\n",
       "        [0.0680, 0.0427, 0.0422, 0.0816, 0.0575, 0.2040, 0.1774, 0.1382, 0.0996,\n",
       "         0.0888],\n",
       "        [0.0700, 0.0442, 0.0441, 0.0808, 0.0554, 0.2063, 0.1820, 0.1321, 0.0987,\n",
       "         0.0865],\n",
       "        [0.0740, 0.0472, 0.0480, 0.0790, 0.0514, 0.2103, 0.1912, 0.1206, 0.0966,\n",
       "         0.0818],\n",
       "        [0.0688, 0.0433, 0.0429, 0.0813, 0.0566, 0.2050, 0.1793, 0.1357, 0.0992,\n",
       "         0.0879],\n",
       "        [0.0729, 0.0464, 0.0469, 0.0795, 0.0524, 0.2093, 0.1887, 0.1236, 0.0971,\n",
       "         0.0831],\n",
       "        [0.0761, 0.0489, 0.0501, 0.0780, 0.0493, 0.2122, 0.1959, 0.1148, 0.0954,\n",
       "         0.0794],\n",
       "        [0.0658, 0.0410, 0.0401, 0.0825, 0.0599, 0.2014, 0.1721, 0.1452, 0.1006,\n",
       "         0.0914],\n",
       "        [0.0738, 0.0471, 0.0478, 0.0791, 0.0515, 0.2102, 0.1908, 0.1210, 0.0966,\n",
       "         0.0820],\n",
       "        [0.0694, 0.0437, 0.0435, 0.0811, 0.0561, 0.2056, 0.1805, 0.1340, 0.0990,\n",
       "         0.0872],\n",
       "        [0.0760, 0.0488, 0.0500, 0.0781, 0.0494, 0.2121, 0.1957, 0.1151, 0.0954,\n",
       "         0.0795],\n",
       "        [0.0705, 0.0445, 0.0445, 0.0806, 0.0549, 0.2068, 0.1832, 0.1307, 0.0984,\n",
       "         0.0859],\n",
       "        [0.0717, 0.0455, 0.0457, 0.0801, 0.0536, 0.2081, 0.1860, 0.1270, 0.0978,\n",
       "         0.0845],\n",
       "        [0.0718, 0.0455, 0.0458, 0.0800, 0.0536, 0.2081, 0.1861, 0.1269, 0.0978,\n",
       "         0.0844],\n",
       "        [0.0668, 0.0417, 0.0410, 0.0821, 0.0588, 0.2026, 0.1745, 0.1420, 0.1002,\n",
       "         0.0903],\n",
       "        [0.0722, 0.0459, 0.0462, 0.0798, 0.0531, 0.2086, 0.1871, 0.1257, 0.0975,\n",
       "         0.0839],\n",
       "        [0.0677, 0.0424, 0.0419, 0.0817, 0.0578, 0.2037, 0.1767, 0.1391, 0.0998,\n",
       "         0.0892],\n",
       "        [0.0651, 0.0405, 0.0395, 0.0827, 0.0606, 0.2005, 0.1705, 0.1474, 0.1009,\n",
       "         0.0923],\n",
       "        [0.0706, 0.0446, 0.0446, 0.0806, 0.0548, 0.2069, 0.1833, 0.1305, 0.0984,\n",
       "         0.0858],\n",
       "        [0.0765, 0.0492, 0.0505, 0.0778, 0.0489, 0.2125, 0.1968, 0.1137, 0.0951,\n",
       "         0.0789],\n",
       "        [0.0779, 0.0503, 0.0520, 0.0771, 0.0476, 0.2137, 0.2001, 0.1099, 0.0943,\n",
       "         0.0773],\n",
       "        [0.0768, 0.0494, 0.0508, 0.0776, 0.0486, 0.2128, 0.1975, 0.1129, 0.0949,\n",
       "         0.0786],\n",
       "        [0.0670, 0.0419, 0.0413, 0.0820, 0.0585, 0.2029, 0.1751, 0.1412, 0.1001,\n",
       "         0.0900],\n",
       "        [0.0659, 0.0411, 0.0402, 0.0824, 0.0597, 0.2015, 0.1724, 0.1448, 0.1006,\n",
       "         0.0913],\n",
       "        [0.0670, 0.0420, 0.0413, 0.0820, 0.0585, 0.2029, 0.1752, 0.1411, 0.1001,\n",
       "         0.0899],\n",
       "        [0.0687, 0.0432, 0.0428, 0.0814, 0.0568, 0.2048, 0.1790, 0.1361, 0.0993,\n",
       "         0.0880],\n",
       "        [0.0721, 0.0458, 0.0461, 0.0799, 0.0533, 0.2084, 0.1868, 0.1260, 0.0976,\n",
       "         0.0840],\n",
       "        [0.0662, 0.0413, 0.0405, 0.0823, 0.0594, 0.2019, 0.1731, 0.1439, 0.1005,\n",
       "         0.0910],\n",
       "        [0.0633, 0.0391, 0.0379, 0.0834, 0.0626, 0.1982, 0.1662, 0.1533, 0.1017,\n",
       "         0.0944],\n",
       "        [0.0694, 0.0437, 0.0435, 0.0810, 0.0560, 0.2056, 0.1807, 0.1338, 0.0989,\n",
       "         0.0871],\n",
       "        [0.0688, 0.0432, 0.0429, 0.0813, 0.0567, 0.2049, 0.1791, 0.1359, 0.0993,\n",
       "         0.0879],\n",
       "        [0.0626, 0.0387, 0.0373, 0.0836, 0.0633, 0.1973, 0.1647, 0.1555, 0.1019,\n",
       "         0.0951],\n",
       "        [0.0769, 0.0495, 0.0510, 0.0776, 0.0485, 0.2129, 0.1979, 0.1125, 0.0948,\n",
       "         0.0784],\n",
       "        [0.0672, 0.0421, 0.0415, 0.0819, 0.0583, 0.2031, 0.1756, 0.1405, 0.1000,\n",
       "         0.0897],\n",
       "        [0.0647, 0.0402, 0.0391, 0.0829, 0.0610, 0.2000, 0.1696, 0.1487, 0.1011,\n",
       "         0.0927],\n",
       "        [0.0692, 0.0436, 0.0433, 0.0811, 0.0562, 0.2054, 0.1802, 0.1344, 0.0990,\n",
       "         0.0874],\n",
       "        [0.0792, 0.0514, 0.0534, 0.0764, 0.0463, 0.2148, 0.2031, 0.1064, 0.0934,\n",
       "         0.0757],\n",
       "        [0.0695, 0.0438, 0.0435, 0.0810, 0.0560, 0.2057, 0.1808, 0.1337, 0.0989,\n",
       "         0.0871]], grad_fn=<SoftmaxBackward0>)"
      ]
     },
     "execution_count": 8,
     "metadata": {},
     "output_type": "execute_result"
    }
   ],
   "source": [
    "prop"
   ]
  },
  {
   "cell_type": "code",
   "execution_count": 9,
   "metadata": {},
   "outputs": [
    {
     "data": {
      "text/plain": [
       "tensor([5, 5, 5, 5, 6, 5, 5, 5, 5, 5, 5, 5, 5, 5, 5, 5, 5, 5, 5, 6, 5, 5, 5, 5,\n",
       "        5, 5, 5, 5, 5, 5, 5, 5, 5, 5, 5, 5, 5, 5, 5, 5, 5, 5, 5, 5, 5, 5, 5, 5,\n",
       "        5, 5, 5, 5, 5, 5, 5, 5, 5, 5, 5, 5, 5, 5, 5, 5, 5, 5, 5, 5, 5, 5, 5, 5,\n",
       "        5, 5, 5, 5, 5, 5, 5, 5, 5, 5, 5, 5, 5, 5, 5, 5, 5, 5, 5, 5, 5, 5, 5, 5,\n",
       "        5, 5, 5, 5])"
      ]
     },
     "execution_count": 9,
     "metadata": {},
     "output_type": "execute_result"
    }
   ],
   "source": [
    "y_pred_class = torch.argmax(prop, dim=1)\n",
    "y_pred_class"
   ]
  },
  {
   "cell_type": "code",
   "execution_count": 10,
   "metadata": {},
   "outputs": [
    {
     "data": {
      "text/plain": [
       "(2.2950186729431152, 0.15, 0.02448979591836735, 0.15, 0.042105263157894736)"
      ]
     },
     "execution_count": 10,
     "metadata": {},
     "output_type": "execute_result"
    }
   ],
   "source": [
    "model.evaluate(X_tensor, y_tensor)"
   ]
  }
 ],
 "metadata": {
  "kernelspec": {
   "display_name": "nuig-master",
   "language": "python",
   "name": "python3"
  },
  "language_info": {
   "codemirror_mode": {
    "name": "ipython",
    "version": 3
   },
   "file_extension": ".py",
   "mimetype": "text/x-python",
   "name": "python",
   "nbconvert_exporter": "python",
   "pygments_lexer": "ipython3",
   "version": "3.10.14"
  }
 },
 "nbformat": 4,
 "nbformat_minor": 2
}
